			[1]		1(2)	[4]
					6(1)
	7(4)			1(3)			1(4)

					1(4)
S	41(3)	[2]		4(3)	[5]		10(2)	E
					38(2)

	2(5)			1(3)			38(1)
					1(2)
			[3]		1(6)	[6]





			[1]		2(2)	[4]
					9(1)
	11(4)			1(3)			3(4)

					1(4)
S	32(3)	[2]		4(3)	[5]		15(2)	E
					28(2)

	3(5)			1(3)			29(1)
					3(2)
			[3]		1(6)	[6]





			[1]		1(2)	[4]
					7(1)
	8(4)			1(3)			2(4)

					1(4)
S	38(3)	[2]		3(3)	[5]		11(2)	E
					35(2)

	3(5)			1(3)			35(1)
					2(2)
			[3]		1(6)	[6]
	


	

			[1]		1(2)	[4]
					3(1)
		4(4)		1(3)			3(4)
		
					1(4)
S	40(3)	[2]		4(3)	[5]		9(2)	E
					35(2)
	
	4(5)			1(3)			36(1)
					3(2)	
		[3]			1(6)	[6]





			[1]		1(2)	[4]
					7(1)
	8(4)			1(3)			2(4)

					1(4)
S	38(3)	[2]		3(3)	[5]		11(2)	E
					34(2)

	3(5)			1(3)			35(1)
					2(2)
			[3]		1(6)	[6]
	


	

			[1]		1(2)	[4]
					4(1)
	5(4)			1(3)			2(4)
		
					1(4)
S	43(3)	[2]		2(3)	[5]		7(2)	E
					40(2)
	
	2(5)			1(3)			41(1)
					2(2)	
			[3]		1(6)	[6]





			[1]		1(2)	[4]
					14(1)
	16(4)			1(3)			3(4)

					2(4)
S	28(3)	[2]		3(3)	[5]		18(2)	E
					24(2)

	3(5)			1(3)			25(1)
					2(2)
			[3]		1(6)	[6]





			[1]		1(2)	[4]
					7(1)
	8(4)			1(3)			2(4)

					1(4)
S	38(3)	[2]		3(3)	[5]		11(2)	E
					34(2)

	3(5)			1(3)			35(1)
					3(2)
			[3]		1(6)	[6]





			[1]		1(2)	[4]
					7(1)
	8(4)			1(3)			2(4)

					1(4)
S	38(3)	[2]		5(3)	[5]		12(2)	E
					33(2)

	2(5)			1(3)			34(1)
					2(2)
			[3]		1(6)	[6]





			[1]		1(2)	[4]
					9(1)
	9(4)			1(3)			2(4)

					1(4)
S	38(3)	[2]		3(3)	[5]		12(2)	E
					35(2)

	2(5)			1(3)			35(1)
					1(2)
			[3]		1(6)	[6]
	


	

			[1]		1(2)	[4]
					3(1)
	4(4)			1(3)			2(4)
		
					1(4)
S	43(3)	[2]		3(3)	[5]		7(2)	E
					40(2)
	
	3(5)			1(3)			40(1)
					2(2)	
			[3]		1(6)	[6]





			[1]		2(2)	[4]
			1		2(1)
	15(4)			1(3)			4(4)

					1(4)
S	28(3)	[2]		2(3)	[5]		16(2)	E
					25(2)

	4(5)			1(3)			26(1)
					3(2)
			[3]		1(6)	[6]





			[1]		1(2)	[4]
					7(1)
	8(4)			1(3)			3(4)

					2(4)
S	36(3)	[2]		6(3)	[5]		14(2)	E
					29(2)

	3(5)			1(3)			30(1)
					2(2)
			[3]		1(6)	[6]





			[1]		1(2)	[4]
					9(1)
	11(4)			1(3)			2(4)

					1(4)
S	35(3)	[2]		5(3)	[5]		15(2)	E
					30(2)

	2(5)			1(3)			31(1)
					2(2)
			[3]		1(6)	[6]





			[1]		2(2)	[4]
					19(1)
	22(4)			1(3)			4(4)

					1(4)
S	20(3)	[2]		4(3)	[5]		24(2)	E
					15(2)

	3(5)			1(3)			16(1)
					2(2)
			[3]		1(6)	[6]





			[1]		1(2)	[4]
					7(1)
	8(4)			1(3)			2(4)

					1(4)
S	38(3)	[2]		3(3)	[5]		11(2)	E
					35(2)

	3(5)			1(3)			35(1)
					2(2)
			[3]		1(6)	[6]
	


	

			[1]		1(2)	[4]
					3(1)
	3(4)			1(3)			2(4)
		
					1(4)
S	44(3)	[2]		2(3)	[5]		6(2)	E
					41(2)
	
	3(5)			1(3)			42(1)
					2(2)	
			[3]		1(6)	[6]





			[1]		1(2)	[4]
					6(1)
	8(4)			1(3)			2(4)

					1(4)
S	37(3)	[2]		7(3)	[5]		14(2)	E
					30(2)

	3(5)			1(3)			31(1)
					2(2)
			[3]		1(6)	[6]
	


	

			[1]		1(2)	[4]
					4(1)
		5(4)		1(3)			2(4)
		
					1(4)
S	42(3)	[2]		2(3)	[5]		7(2)	E
					40(2)
	
	3(5)			1(3)			40(1)
					2(2)	
			[3]		1(6)	[6]





			[1]		1(2)	[4]
					11(1)
	11(4)			1(3)			2(4)

					1(4)
S	35(3)	[2]		5(3)	[5]		16(2)	E
					30(2)

	1(5)			1(3)			30(1)
					1(2)
			[3]		1(6)	[6]





			[1]		1(2)	[4]
					18(1)
	20(4)			2(3)			2(4)

					1(4)
S	25(3)	[2]		3(3)	[5]		21(2)	E
					22(2)

	2(5)			1(3)			24(1)
					2(2)
			[3]		1(6)	[6]
	


	

			[1]		1(2)	[4]
					5(1)
	6(4)			1(3)			3(4)
		
					2(4)
S	40(3)	[2]		2(3)	[5]		8(2)	E
					37(2)
	
	2(5)			1(3)			38(1)
					2(2)	
			[3]		1(6)	[6]





			[1]		1(2)	[4]
					10(1)
	11(4)			1(3)			3(4)

					2(4)
S	35(3)	[2]		5(3)	[5]		15(2)	E
					29(2)

	2(5)			1(3)			30(1)
					1(2)
			[3]		1(6)	[6]





			[1]		1(2)	[4]
					8(1)
	9(4)			1(3)			3(4)

					2(4)
S	34(3)	[2]		4(3)	[5]		14(2)	E
					29(2)

	4(5)			1(3)			29(1)
					3(2)
			[3]		1(6)	[6]





			[1]		1(2)	[4]
					11(1)
	12(4)			1(3)			3(4)

					1(4)
S	33(3)	[2]		3(3)	[5]		14(2)	E
					30(2)

	2(5)			1(3)			31(1)
					1(2)
			[3]		1(6)	[6]





			[1]		1(2)	[4]
					11(1)
	13(4)			1(3)			3(4)

					1(4)
S	32(3)	[2]		3(3)	[5]		16(2)	E
					28(2)

	3(5)			1(3)			29(1)
					2(2)
			[3]		1(6)	[6]





			[1]		1(2)	[4]
					5(1)
	6(4)			1(3)			3(4)

					1(4)
S	39(3)	[2]		4(3)	[5]		10(2)	E
					35(2)

	3(5)			1(3)			36(1)
					2(2)
			[3]		1(6)	[6]





			[1]		1(2)	[4]
					7(1)
	8(4)			1(3)			2(4)

					1(4)
S	39(3)	[2]		3(3)	[5]		11(2)	E
					36(2)

	2(5)			1(3)			36(1)
					2(2)
			[3]		1(6)	[6]





			[1]		1(2)	[4]
					9(1)
	10(4)			1(3)			2(4)

					1(4)
S	37(3)	[2]		5(3)	[5]		13(2)	E
					32(2)

	2(5)			1(3)			32(1)
					1(2)
			[3]		1(6)	[6]





			[1]		1(2)	[4]
					3(1)
	3(4)			1(3)			1(4)

					1(4)
S	42(3)	[2]		7(3)	[5]		12(2)	E
					34(2)

	3(5)			1(3)			35(1)
					3(2)
			[3]		1(6)	[6]





