			[1]		1(2)	[4]
					8(1)
	9(4)			1(3)			3(4)

					2(4)
S	38(3)	[2]		3(3)	[5]		11(2)	E
					34(2)

	2(5)			1(3)			35(1)
					1(2)
			[3]		1(6)	[6]





			[1]		1(2)	[4]
					11(1)
	13(4)			2(3)			3(4)

					2(4)
S	31(3)	[2]		6(3)	[5]		17(2)	E
					24(2)

	2(5)			1(3)			26(1)
					1(2)
			[3]		1(6)	[6]	



	
		
			[1]		1(2)	[4]
					7(1)
	8(4)			1(3)			3(4)	
	
					2(4)
S	41(3)	[2]		2(3)	[5]		9(2)	E
					37(2)

	1(5)			1(3)			38(1)
					1(2)
			[3]		1(6)	[6]





			[1]		1(2)	[4]
					6(1)
	7(4)			1(3)			2(4)

					1(4)
S	38(3)	[2]		5(3)	[5]		12(2)	E
					33(2)

	2(5)			1(3)			33(1)
					2(2)
			[3]		1(6)	[6]	



	
		
			[1]		1(2)	[4]
					5(1)
	6(4)			1(3)			3(4)	
	
					1(4)
S	40(3)	[2]		2(3)	[5]		8(2)	E
					38(2)

	2(5)			1(3)			39(1)
					1(2)
			[3]		1(6)	[6]





			[1]		1(2)	[4]
					19(1)
	20(4)			1(3)			2(4)

					1(4)
S	25(3)	[2]		1(3)	[5]		21(2)	E
					24(2)

	2(5)			1(3)			25(1)
					2(2)
			[3]		1(6)	[6]





			[1]		2(2)	[4]
					9(1)
	11(4)			1(3)			3(4)

					1(4)
S	36(3)	[2]		2(3)	[5]		11(2)	E
					34(2)

	2(5)			1(3)			35(1)
					1(2)
			[3]		1(6)	[6]





			[1]		1(2)	[4]
					12(1)
	14(4)			1(3)			2(4)

					1(4)
S	32(3)	[2]		5(3)	[5]		17(2)	E
					27(2)

	1(5)			1(3)			28(1)
					1(2)
			[3]		1(6)	[6]





			[1]		1(2)	[4]
					5(1)
	6(4)			1(3)			2(4)

					1(4)
S	36(3)	[2]		9(3)	[5]		16(2)	E
					27(2)

	4(5)			1(3)			28(1)
					3(2)
			[3]		1(6)	[6]





			[1]		1(2)	[4]
					6(1)
	7(4)			1(3)			3(4)

					2(4)
S	39(3)	[2]		3(3)	[5]		10(2)	E
					35(2)

	2(5)			1(3)			36(1)
					1(2)
			[3]		1(6)	[6]





			[1]		2(2)	[4]
					7(1)
	8(4)			1(3)			3(4)

					1(4)
S	35(3)	[2]		5(3)	[5]		14(2)	E
					29(2)

	4(5)			1(3)			29(1)
					3(2)
			[3]		1(6)	[6]	



	
		
			[1]		2(2)	[4]
					5(1)
	7(4)			1(3)			3(4)	
	
					1(4)
S	40(3)	[2]		2(3)	[5]		8(2)	E
					38(2)

	2(5)			1(3)			39(1)
					2(2)
			[3]		1(6)	[6]	



	
			
			[1]		1(2)	[4]
					2(1)
	3(4)			1(3)			2(4)	
	
					1(4)
S	45(3)	[2]		3(3)	[5]		6(2)	E
					41(2)

	2(5)			1(3)			41(1)
					1(2)
			[3]		1(6)	[6]





			[1]		1(2)	[4]
					5(1)
	5(4)			1(3)			3(4)

					2(4)
S	39(3)	[2]		4(3)	[5]		10(2)	E
					35(2)

	4(5)			1(3)			35(1)
					3(2)
			[3]		1(6)	[6]	



	
		
			[1]		1(2)	[4]
					3(1)
	4(4)			1(3)			2(4)	
	
					2(4)
S	41(3)	[2]		2(3)	[5]		7(2)	E
					38(2)

	4(5)			1(3)			39(1)
					3(2)
			[3]		1(6)	[6]	



	
			
			[1]		1(2)	[4]
					3(1)
	4(4)			1(3)			2(4)	
	
					1(4)
S	44(3)	[2]		3(3)	[5]		7(2)	E
					40(2)

	2(5)			1(3)			41(1)
					1(2)
			[3]		1(6)	[6]	



	
			
			[1]		1(2)	[4]
					6(1)
	7(4)			1(3)			2(4)	
	
					1(4)
S	40(3)	[2]		1(3)	[5]		8(2)	E
					39(2)

	3(5)			1(3)			39(1)
					2(2)
			[3]		1(6)	[6]





			[1]		1(2)	[4]
					10(1)
	11(4)			1(3)		3	(4)

					2(4)
S	34(3)	[2]		4(3)	[5]		15(2)	E
					29(2)

	3(5)			1(3)			30(1)
					2(2)
			[3]		1(6)	[6]





			[1]		1(2)	[4]
					5(1)
	6(4)			1(3)			3(4)

					2(4)
S	39(3)	[2]		6(3)	[5]		12(2)	E
					31(2)

	2(5)			1(3)			32(1)
					2(2)
			[3]		1(6)	[6]





			[1]		1(2)	[4]
					12(1)
	14(4)			1(3)		3	(4)

					1(4)
S	27(3)	[2]		5(3)	[5]		20(2)	E
					22(2)

	5(5)			1(3)			23(1)
					4(2)
			[3]		1(6)	[6]





			[1]		1(2)	[4]
					7(1)
	8(4)			1(3)			2(4)

					1(4)
S	35(3)	[2]		6(3)	[5]		16(2)	E
					29(2)

	4(5)			1(3)			29(1)
					3(2)
			[3]		1(6)	[6]





			[1]		1(2)	[4]
					8(1)
	9(4)			1(3)			3(4)

					1(4)
S	35(3)	[2]		5(3)	[5]		14(2)	E
					30(2)

	3(5)			2(3)			30(1)
					2(2)
			[3]		1(6)	[6]	



	
		
			[1]		1(2)	[4]
					6(1)
	7(4)			1(3)			3(4)	
	
					1(4)
S	39(3)	[2]		3(3)	[5]		9(2)	E
					35(2)

	2(5)			1(3)			36(1)
					1(2)
			[3]		1(6)	[6]





			[1]		1(2)	[4]
					8(1)
	9(4)			1(3)			3(4)

					1(4)
S	34(3)	[2]		3(3)	[5]		13(2)	E
					31(2)

	4(5)			1(3)			32(1)
					3(2)
			[3]		1(6)	[6]





			[1]		1(2)	[4]
					8(1)
	9(4)			1(3)			2(4)

					1(4)
S	39(3)	[2]		4(3)	[5]		12(2)	E
					34(2)

	1(5)			1(3)			35(1)
					1(2)
			[3]		1(6)	[6]	



	
		
			[1]		1(2)	[4]
					4(1)
	4(4)			1(3)			2(4)	
	
					1(4)
S	43(3)	[2]		5(3)	[5]		9(2)	E
					38(2)

	1(5)			1(3)			38(1)
					1(2)
			[3]		1(6)	[6]





			[1]		1(2)	[4]
					8(1)
	8(4)			1(3)			3(4)

					1(4)
S	37(3)	[2]		2(3)	[5]		11(2)	E
					34(2)

	3(5)			1(3)			35(1)
					2(2)
			[3]		1(6)	[6]





			[1]		2(2)	[4]
					7(1)
	9(4)			1(3)			3(4)

					1(4)
S	37(3)	[2]		3(3)	[5]		11(2)	E
					33(2)

	2(5)			1(3)			34(1)
					2(2)
			[3]		1(6)	[6]





			[1]		1(2)	[4]
					6(1)
	8(4)			1(3)			2(4)

					1(4)
S	40(3)	[2]		5(3)	[5]		11(2)	E
					35(2)

	1(5)			1(3)			35(1)
					1(2)
			[3]		1(6)	[6]





			[1]		1(2)	[4]
					5(1)
	6(4)			1(3)			2(4)

					1(4)
S	38(3)	[2]		3(3)	[5]		10(2)	E
					36(2)

	4(5)			1(3)			36(1)
					3(2)
			[3]		1(6)	[6]





